1261360
14048707
14074786
14076751
14102453
1410711
14107836
14111370
1412703
14128671
14142336
14144787
14171707
14174002
1418340
14193141
14233443
14236441
14237063
14243867
14244910
14244981
14276819
14291265
14301582
14319384
14353445
14367593
14409393
14454726
14479708
14512246
14526561
1455495
14597847
14615146
14632782
14658650
14663979
14702809
14715212
14724815
14748584
14751281
14755516
14777501
14781462
14787789
14800994
14803184
14803282
14817871
1516943
1536034
1548917
1582235
1726632
1731216
1765730
1851883
1901585
1919126
1942136
2081956
2098236
2173724
2190994
2212770
2274825
2314182
2318694
2328103
2329257
2359759
2382115
2386615
2438444
2439772
2444364
2447252
2450517
2471258
2488227
2539489
2665681
2684420
2689421
2718273
2746063
2816489
2819007
2831533
808025
905581